10
4 4 6
0 0 1 0
0 0 0 0
0 1 0 0
1 0 0 1
0 0 0 1
0 0 1 0
1 1 0 1
1 0 0 0
2 2 5
0 0
1 0
1 0
0 1
3 3 3
1 0 0
0 1 0
0 0 0
1 0 0
0 1 0
0 0 0
5 5 7
0 0 1 0 0
0 0 1 0 0
0 0 1 0 0
0 0 1 0 0
0 0 1 0 0
0 0 0 0 0
0 0 0 0 0
1 1 1 1 1
0 0 0 0 0
0 0 0 0 0
5 5 4
0 0 0 0 0
0 0 0 0 0
0 0 0 0 0
0 0 0 0 0
0 0 0 0 0
1 1 1 1 1
0 0 0 0 0
0 0 0 0 0
0 0 0 0 0
0 0 0 0 0
2 4 8
1 1 1 1
1 1 1 1
1 1 1 1
1 1 1 1
2 4 8
1 0 1 0
1 1 1 0
1 1 1 1
1 1 1 1
5 5 5
1 0 0 0 0
0 1 0 0 0
0 0 1 0 0
0 0 0 1 0
0 0 0 0 1
0 0 0 0 1
0 0 0 1 0
0 0 1 0 0
0 1 0 0 0
1 0 0 0 0
5 10 10
1 0 0 0 0 1 0 0 0 0
0 1 0 0 0 0 1 0 0 0
0 0 1 0 0 0 0 1 0 0
0 0 0 1 0 0 0 0 1 0
0 0 0 0 1 0 0 0 0 1
0 0 0 1 0 0 0 0 1 0
0 0 1 0 0 0 0 1 0 0
0 1 0 0 0 0 1 0 0 0


#1 2
#2 0
#3 0
#4 4
#5 0
#6 0
#7 0
#8 12
#9 24